10073489385382
10127868335117
10221416179408
10380608749185
10560015194222
10567639638483
10698937314431
10713131348070
10734363111364
11083243378936
11094054272681
11139686172183
11171419883636
11357355702472
11414708736268
11440559455321
11444801556813
11477893035571
11712386194665
11957565952834
12161947209770
12224985542965
12370653540618
12499665423696
12657271863810
12706614385886
12796279769966
13038776036621
13142873915405
13144522076123
13147694059681
13248909131502
13315981252090
13455281762137
13466519805678
13789768391480
13812873756510
13819133469751
13856236387663
13913466536240
13937179951141
14133415653572
14138591509364
14288712642546
14317638322322
14325423392380
14410601120509
14413709982366
14445618375094
14531691394206
14618771626424
14713148053999
14867154783593
15015183955099
15172662472764
15217657575524
15337138325026
15423643712073
15428936280316
15430251722269
15434163364340
15598377729665
15627183213020
15786484342160
15862286503595
15913467064989
16179072183833
16203165432953
16280023134986
16303457292934
16324005274436
16436649191819
16480032291917
16489301809880
16574286982075
17331159511123
17399045853621
17456879576015
17476865652385
17784294112464
17827108189602
17976304592698
17992261278094
17993947203938
18167064061282
18230827570133
18238383017088
18271794751286
18631798578205
18733854305972
19360852438765
19432702760750
19472423265801
19625637796518
19867626587021
19906591490951
19907011315023
20056435385988
20121314062552
20163432981221
20323758617311
20347188436676
20436566370861
20445749123313
20618634411621
20707549969979
20710277377484
20746804734675
20892056382278
21162134157374
21220012118271
21262413457524
21304323848933
21404158082509
21512164069135
21514134246811
21799722975147
21993501573541
21998077825975
22029592571140
22042798254122
22073631027753
22084085902282
22151046548420
22357071581899
22412658575463
22456184684913
22567699947455
22847134442273
23090552611787
23617437406650
23683924255799
23689903308645
23758977908015
23787524824181
23846616153564
23881513370552
23956926841394
24010189639431
24092623925756
24096032715491
24116653411888
24209948507723
24303138543261
24437242897340
24558235240157
24573384111557
24575484096408
24590666469905
24599985407760
24775612500529
24877985538527
24886333379173
24915889137121
25007756727710
25096393654437
25245688250293
25405543974338
25567479126831
25617261946177
25827014148330
26066947507815
26240521749143
26257326996462
26275935519773
26287573467150
26301986064944
26384377701410
26447071243240
26586956245922
26640633624049
26643689531330
26657547442140
26761085292142
26829727549665
26836305613739
26951614152048
26985024574647
27022164411865
27210429767407
27270389483634
27271009558265
27346404837247
27526064386360
27672431751464
27728679898590
27739143051380
27743022575560
27796034438009
27840452611140
27847262613057
27902958598609
27910072445736
28010024333721
28025643570974
28089054688557
28116136760540
28174652184107
28176256390240
28302003553957
28339679900561
28351546207233
28510301127839
28587334494751
28688493622849
28751953775511
28764008680167
28819259925418
28924853157748
29050981820939
29453227014463
29490033967610
29655044106629
29678088572573
29741447823376
29929991870680
30016994657773
30060754800749
30119822738964
30119822738964
30228235119964
30378142966520
30560629242210
30575961780318
30672395681653
31009914262255
31036935636273
31411265976322
31547326441344
31563719124134
31637361799723
31714725781257
31849115296042
31885895410257
31914272312024
31966495652248
31999281220334
32059039203771
32067037450006
32069917382053
32208551110458
32393701221166
32437946800205
32488126360419
32545259349598
32790885099217
33011309830497
33040452542052
33093696416007
33153902004749
33307923953501
33484289447710
33562728356084
33686744622143
33693362409723
33818075222964
33983053506538
33983053506538
34113334599850
34226061246332
34230349109007
34410999657723
34535691237894
34615911883439
34795146036712
34811392619778
34824582189054
34960718126638
35101048782932
35154951398963
35192149148195
35265258683223
35291152774774
35397477601388
35484913325828
35530945134798
35658101821630
35752735064140
35787897546417
35807659752376
35940948995742
36109085530377
36459691380345
36519379918650
36636959267681
36696713785477
36707101859536
36753977268075
36786605959609
36914867695838
36970868683862
37170284175223
37178711131897
37226465955270
37247886179250
37307762664223
37312265861211
37398247664244
37431801106605
37509737368473
37595511478803
37602103052191
37637419680152
37688724394152
37929945929392
38108322102499
38121796536268
38187589355755
38251701371464
38371469464544
38439977745649
38532814837735
38682787037719
38715756158441
38778539135181
38889838431449
39008153643080
39197067393758
39215001844744
39415289105381
39477451110324
39583742381674
39594825518758
39596977753960
39714345697683
39831076942709
39922765817966
39948925977480
40104427044091
40182242145564
40311507698256
40822088835541
40892819878079
40956712500089
41059611627849
41133062027575
41238263637999
41255138713596
41392908223888
41436999660840
41548353301426
41620883319050
41697843293176
41760249079695
41888929338333
41913685771515
41915961254747
42045769436831
42046999569892
42132256106761
42265017644780
42333246457747
42491887210738
42552211902100
42644334937235
42803584645309
42884078067319
43054108078388
43064276994506
43229618057133
43270491559617
43331916636057
43494559144042
43544289973661
43616849564596
43698727509848
43821595899513
43869736301777
43889213733623
43949761961164
43988895328025
44042439829347
44060506282856
44087709713868
44111118565787
44154079274667
44305769229979
44340882250066
44354156782903
44535874467075
44536059109264
44543129007774
44658018773272
45045914329826
45094372269655
45103922387444
45128089611274
45513111546268
45513111546268
45524672625348
45711457708808
46164411926193
46255782108582
46352121579950
46353116957554
46390441454525
46422194027909
46739998601280
46768848895185
46825959082996
46891247144762
46934954358372
47225901521731
47281068790695
47366478743217
47495448997626
47599993472802
47636076124667
47783096391086
47815762020416
47828289696752
47849253365083
47947195771154
48078957647138
48200046481475
48231816474524
48282154164635
48287262578770
48698127001694
48698896128701
48751436559030
48753754677960
48860429235993
49000611231473
49454039348917
49463244406777
49504647523722
49615336899581
49678482218967
49703254651994
49799701769317
49932494323134
50021148230793
50167491935430
50182865182742
50213535325624
50268938728069
50370455157849
50460193996455
50619692790149
50794249013769
50867687558285
50898125147606
51016928718660
51039088338221
51142468163582
51228521733485
51315695181396
51414047724001
51470228303824
51503297597934
51631244766640
51747996795078
51920394691831
51957437032784
51997705300415
52116518371347
52197764190286
52332244719125
52338762305689
52338795181380
52575298086837
52638651232517
52653119801547
52702214397792
52731099098318
52739841362642
52749363868668
52828892682091
52838024029259
52858554158341
52871949931425
52911299103996
52950946789757
52953691862622
53177871034031
53353792119609
53667335289060
53711693309857
53732231729206
53779135382191
53940913361362
53942408085907
54220385551923
54260705298414
54263025330911
54300993062116
54309494355940
54312511594284
54527746874705
54630656072864
54772413098954
54790602485669
54800662413558
54813703884169
55037637819403
55128705074213
55187145582629
55210028475892
55352847936724
55365295130543
55386659108778
55422729112219
55436762507066
55480472840457
55520658848056
55784228704410
55819443110124
55941715066432
56007287620481
56162051045567
56178986968202
56263195207559
56347859466026
56394794016661
56509037558032
56604822433840
56644568555342
56698762716269
56822915204748
56841657479754
56929103276901
57002235118502
57373068304853
57438509718463
57589637645096
57763147398078
57795781924412
57825812698697
57868439029556
57900965793252
58053056881757
58062964258973
58069399994841
58173345199245
58231218373482
58234057017716
58371827671244
58505208944843
58643723121908
58813747398050
58976739099424
59092518582795
59126834990855
59135917713498
59482135591738
59584233203292
59674712892471
59675195149869
59717288064178
59794371169418
59923851771234
60098741086925
60187763534995
60231141534948
60345696119154
60346164021551
60406054818156
60427973477083
60430294358498
60430294358498
60482552944319
60551197775831
60582065986043
60650538233672
60673731485436
60761312251361
60808212507625
60916907196891
60971583013214
61052814428415
61079498691085
61085934849662
61219723607022
61224044011317
61287487874993
61485061697065
61543339619616
61598217497922
61703365993795
61746085975553
61831407577977
62048697843543
62148705724867
62180515242017
62192683005190
62283933598226
62404705605832
62578577686427
62735876638999
62834792620488
62928828611329
63031159381970
63034545878814
63220894074078
63533236689274
63541409126589
63551559132520
63578637843383
63724264173367
63858655725475
63862527671272
63885376137451
63898252464916
64119294347576
64203469089469
64245642485370
64511212661927
64611596794644
64615352022435
64638803396027
64672042173860
64729749906908
64811429724919
64911901907106
65110936864774
65128729207490
65223014354299
65295175480201
65442119768782
65576043200245
65577099473049
65619097712831
65667905642631
65809442157488
65832702362361
66087846149773
66148619767345
66187059474133
66209366804983
66278312500643
66388764740807
66526404438164
66619857573776
66674321159818
66734286636277
66817034928089
66986376405904
67252927633222
67373168448545
67414811111260
67559964993955
67563845778620
67631246465005
67736156055307
67813662535985
67897473278159
67900019832893
67976339370811
68069235294816
68205059255497
68239315932804
68392831876487
68414983061867
68442915088307
68506451304507
68701456393292
68745933311872
68845751404637
68913432365673
68937057261052
69102222068066
69159176071266
69317445365591
69542595024340
69749108578312
69801559886422
69853099441181
69893475292235
69972275763183
70062212194053
70152457745849
70224392190063
70522708451304
70638471524733
70639697990475
70666079569995
70909023334623
70931653214732
71020759897798
71101474042523
71135859010091
71216849059337
71883926761926
71926348982105
71967479932858
71992487626317
72346273003728
72820053045973
72826406166497
72914734997653
73023768400269
73285273813133
73333704119322
73391634157620
73398651162899
73404291491638
73434075305876
73443344758159
73535151644804
73786129744545
73822732630394
73822732630394
73868376780176
74143081799702
74404246907250
74553716549217
74677899287264
75002262124445
75144202710790
75230684990188
75318788008362
75347847551469
75509696216901
75862134290590
75862581687325
75903816473618
76000673823568
76044304701902
76176077591571
76212671031861
76270091347002
76314786096909
76358904936311
76421553268234
76481304148616
76500835532455
76522485663856
76581518280493
76649142433521
76792444733709
76800304461970
76814123980073
76844793551828
76861709200218
76926995931723
76946819793502
77059485200872
77138091018638
77177859884451
77297208658194
77375955743712
77421672956155
77680057868009
77786688554462
77796659257137
77878767790814
78003353901558
78111423641067
78166813221780
78229089484869
78309366802331
78321935073076
78433864112626
78451513663275
78538252484024
78704768892452
78884884681224
79213017927844
79228438707186
79346761318108
79404099733570
79415132164849
79424915321763
79492996597591
79532417128313
79548371162697
79601404251116
79642312236738
79681176253438
79966125151961
80079092675585
80079472723013
80136632927718
80201277853610
80333953191452
80429839918491
80463904973601
80478032913787
80492646269955
80576289224349
80624922403734
80850236010827
80928235168304
80976138134499
80998046663987
81010719365172
81012906139732
81052092996887
81091767170286
81138497402192
81380899307404
81410432822410
81448648791914
81468927795259
81498989330663
81705419729185
81770823522149
82255126436118
82263575989432
82285984732589
82287004710379
82295102616422
82383356144636
82409995771016
82420195185991
82530803357287
82642769653115
82678824651631
82847953057270
82849823046517
82861157802943
82961523979150
83051287493495
83191531266864
83225732565831
83228715814522
83626812619806
83636338193199
83742766542915
83745435586595
83755655393386
83822929842135
83940102170186
84138213812935
84217595023977
84502566306125
84549669802889
84550056935516
84677086163548
84862806927223
84908953080108
84929416237315
84942542153444
85125979846415
85128005170896
85343044436451
85357625629139
85503843640953
85535525534378
85543707760621
85633563650037
85661309250741
85696721165279
86178595864264
86209635216348
86231286764560
86303867675763
86377773110788
86425127572009
86522992994387
86591938642172
86708692896587
86968724965848
86979987555968
87002913078434
87184765669161
87313391575910
87333316034112
87410977552558
87615952148356
87670022725786
87741611775974
87814384752053
87835502771809
88241256870571
88323278630896
88531195124798
88778879351305
88814194584987
88986554870956
89006561015629
89217384148574
89292843744635
89464059898812
89559233028824
89584653078069
89669057678237
89686304242772
89720154057971
89765074557447
89786338281523
89877113355568
89921344782781
89963209165868
89969542601469
90127535735963
90187156512035
90270677305578
90338089712521
90449754654027
90555822049339
90771775189707
90899283456185
90964512239461
91033838828009
91101832579858
91275026560788
91366714666726
91418137134265
91564563647409
91667283665902
91685406513237
91708274288772
91873859173914
91913249618937
91958857237630
92081174485442
92081916536764
92102267207567
92202933811581
92205296517007
92210828483511
92591367444984
93435873024032
93451104871752
93510855554813
93611794466614
93707336967588
93733418381364
93878858461686
93921587749710
93955934228963
94116648051313
94226931943732
94247125832757
94459156751760
94511071205430
94511405432428
94825078340687
94850303355981
94861312114100
94886526522631
94901782541572
94916182126646
95056693378492
95127956470156
95190157316039
95307454050151
95511941080054
95515323237770
95670955451078
95737595438537
95900535892836
96021987778793
96106385630274
96113997242748
96301778109190
96507016282765
96516822148577
96665725359427
96673636248941
96737482850269
96847135173025
97003405669624
97004641449010
97231208836172
97410281334219
97576711575747
97745864780301
97760534233646
97780991855085
97854892781818
97914512986902
97915197359351
98004831090017
98035659298554
98131035990088
98161579436634
98415985849339
98464487189988
98508592840885
98554433408239
98641494437844
98754246262752
98805186481327
98936251817858
99070494877763
99079396317411
99116168956303
99280023843448
99362978812049
99373631917649
99375041923851
99376117663153
99486911787071
99496444960810
99676953013919
99692327593632
99747283974295
99878445207861
99915894630769
99936458158816
62839081009701
96468564486096
25275101979194
47436875723166
86279981939706
59238753333529
10729776901510
71447068642177
68495837004773
31273523106439
48231816474524
67056525745046
16324005274436
76953818384013
60430294358498
56167568157873
45513111546268
90245047554705
31586653758641
98822993096876
33661742568487
86352273579738
77385441412635
70352671040643
10784759934414
57166313254868
41552809626056
38376818526949
65936959942919
81982218562691
27271009558265
97296177478196
84413624622181
85391467714386
13209621270159
50676376109593
56162051045567
44365941140423
13954595375825
31409398917975
49662967513385
61857175435400
83822929842135
48971717026188
52638651232517
66421817374020
55875098426543
43616849564596
68685271866458
74188287362129
55480472840457
52234445730078
62257566450699
82847953057270
92704516515878
69972275763183
63370229634373
87653098765309